机器人初始位置：[302.  446.5]，目标位置：[164 173]
路径规划耗时：1.6542778015136719秒！
生成的路径如下：
[302. 446.]
[297.         441.32635162]
[292.         436.70291118]
[287.         432.18761092]
[282.         427.85502003]
[277.         423.80781684]
[272.         420.19258548]
[267.         417.22236726]
[262.         415.20943631]
[257.         413.84411095]
[252.         412.91634113]
[247.         412.28339301]
[242.         411.84788997]
[237.         411.54283154]
[232.         411.32128566]
[227.         411.14916834]
[222. 411.]
[217.37101302 406.        ]
[212.79910306 401.        ]
[208.35012979 396.        ]
[204.10886634 391.        ]
[200.19204127 386.        ]
[196.76629683 381.        ]
[194.07382622 376.        ]
[192.46963406 371.        ]
[192.47615246 366.        ]
[194.09438442 361.        ]
[196.80405813 356.        ]
[200.25281588 351.        ]
[204.20200523 346.        ]
[208.48996319 341.        ]
[213.007145 336.      ]
[217.67927112 331.        ]
[222.45589956 326.        ]
[227.3026656 321.       ]
[232.19599491 316.        ]
[237.11947672 311.0000006 ]
[242.06133909 306.00000265]
[247.01263785 301.00000686]
[251.96588058 296.00001423]
[256.9138739  291.00002617]
[261.84861684 286.0000447 ]
[266.76006773 281.00007418]
[271.63460445 276.00011853]
[276.4529247 271.0001847]
[281.1870777  266.00028272]
[285.79616396 261.00042747]
[290.22004301 256.00064095]
[294.37008097 251.0009557 ]
[298.11551462 246.00141985]
[301.26333389 241.0021045 ]
[303.52858806 236.00311468]
[304.49054717 231.00460555]
[303.52797429 226.00680622]
[301.26201219 221.01005505]
[298.11328219 216.01485167]
[294.36659516 211.02193386]
[290.21476856 206.03239104]
[285.78829069 201.04783191]
[281.17539577 196.07063189]
[276.43563849 191.10429858]
[271.60905622 186.15401143]
[266.72232865 181.2274185 ]
[261.79288233 176.33581316]
[256.83157169 171.49587147]
[251.84434897 166.73221777]
[246.83317989 162.08121302]
[241.79634616 157.59654876]
[236.72818105 153.35750741]
[231.61819763 149.48115953]
[226.44947537 146.14037467]
[221.19605701 143.59041669]
[215.81895512 142.20821512]
[210.26015401 142.55035435]
[204.43368428 144.66947117]
[198.21239675 148.12235279]
[191.40840102 152.67098098]
[183.7441593  158.24591395]
[174.80978825 164.93560291]
[164. 173.]
VREP 仿真耗时： 6.4 秒
Python 实际耗时： 19.885008335113525 秒
机器人实际行走的路径如下：
[302.  446.5]
[302.  446.5]
[301.5 446.5]
[301.  446.5]
[300.  446.5]
[299.  445.5]
[297.5 445.5]
[295.  445.5]
[291.5 444.5]
[287.5 444. ]
[283.  443.5]
[278. 443.]
[274.  441.5]
[269. 441.]
[264.5 439. ]
[260.5 437.5]
[255.5 436. ]
[251.5 434. ]
[247.5 432. ]
[243.  430.5]
[239.  428.5]
[235. 426.]
[231. 424.]
[226.5 421.5]
[222.5 418.5]
[219. 416.]
[215. 413.]
[212.  410.5]
[208.5 407. ]
[205. 404.]
[201.5 400.5]
[199. 397.]
[196.5 393. ]
[194.  389.5]
[191.5 385. ]
[189.5 381. ]
[188.  376.5]
[187. 372.]
[186.5 367.5]
[186.  362.5]
[186. 358.]
[186.  353.5]
[186.5 349. ]
[188.  344.5]
[189.5 339.5]
[191.  335.5]
[193. 331.]
[195.5 327.5]
[198.  323.5]
[201.  319.5]
[203.5 316. ]
[206.5 312.5]
[210. 309.]
[213. 306.]
[216.5 303. ]
[220.5 300. ]
[224. 297.]
[228.  294.5]
[232. 292.]
[236. 289.]
[239.5 287. ]
[244. 284.]
[247.5 282. ]
[251.  279.5]
[255.5 277. ]
[259.5 274.5]
[263.5 272. ]
[267.5 270. ]
[271.5 267. ]
[275.5 264.5]
[279. 262.]
[283. 259.]
[286.5 256. ]
[289.5 252.5]
[292.5 249.5]
[295.5 245.5]
[298.  241.5]
[300.  237.5]
[301.5 233. ]
[303.5 229. ]
[304. 224.]
[305.  219.5]
[305. 215.]
[305. 210.]
[304.5 205.5]
[304. 201.]
[302.5 196.5]
[301.  192.5]
[299.5 188. ]
[297. 184.]
[294.5 179.5]
[292. 176.]
[289. 172.]
[286.  168.5]
[283. 165.]
[279.5 162. ]
[275.5 159.5]
[272.  156.5]
[268. 154.]
[264. 151.]
[260.5 148.5]
[256.5 146. ]
[252.5 144.5]
[248.  142.5]
[243.5 140.5]
[239. 139.]
[235. 138.]
[230.  136.5]
[225.5 136. ]
[221. 135.]
[216.5 135. ]
[211.5 135. ]
[207.  135.5]
[202. 136.]
[198.  136.5]
[193. 138.]
[188.5 139.5]
[184.5 141. ]
[180.  142.5]
[176. 145.]
[172. 147.]
[168.  149.5]
[164.  152.5]
[160.5 155.5]
